1 2659.83935129
2 2147.54464835
3 1766.79424836
4 1493.05552504
5 1291.01434454
6 1145.5234814
7 1047.50196399
8 979.080824949
9 923.708825118
10 883.891922343
11 853.942643459
12 831.877491947
13 813.576181091
14 795.74542648
15 781.341974772
16 769.723709654
17 761.102875188
18 750.865906919
19 744.942950277
20 737.674627857
21 731.930517852
22 726.535987039
23 721.302141013
24 716.918957146
25 713.809175088
26 709.646852838
27 706.572025042
28 703.579485364
29 702.134708806
30 700.337066248
31 697.528574888
32 696.152087981
33 694.591172113
34 691.277680509
35 689.034367833
36 686.785381643
37 684.16277211
38 682.631496837
39 682.15263502
40 680.866195068
41 680.010967488
42 678.052241845
43 675.644669179
44 674.264343459
45 673.64308354
46 673.225121728
47 672.324005202
48 670.877534172
49 668.563641459
50 667.386227562
51 666.101192874
52 664.435717902
53 664.730007012
54 663.685455759
55 662.414309449
56 661.103993126
57 660.842715154
58 658.357920426
59 657.855897791
60 655.158742953
61 655.266641778
62 655.34195144
63 653.952676804
64 653.157400745
65 651.712003949
66 652.61867932
67 650.830458143
68 650.374956576
69 650.96717486
70 650.427287491
71 651.530596187
72 650.095749302
73 649.222679063
74 649.131117316
75 648.670571017
76 647.230294412
77 647.074693468
78 646.51845009
79 647.049590068
80 646.26330192
81 645.536299544
82 646.009970211
83 645.793917801
84 645.549097674
85 645.551506076
86 644.403235701
87 644.066212546
88 643.311769571
89 643.664222995
90 644.101136718
91 643.159151834
92 642.84594451
93 642.194503973
94 641.750084316
95 641.219490568
96 640.852191238
97 640.433238376
98 641.24081941
99 641.032785899
100 640.377283644
101 641.772312722
102 640.484565822
103 640.652040243
104 640.739068593
105 639.773931786
106 640.246516884
107 638.17935998
108 638.518034456
109 639.038486872
110 639.176281443
111 637.852673858
112 639.042699045
113 639.206046456
114 637.538728391
115 637.118352353
116 636.572345402
117 637.671546942
118 637.229892356
119 637.492527275
120 636.278836117
121 636.921763452
122 635.562899526
123 635.054401978
124 635.605752609
125 635.611038478
126 636.2163168
127 635.440868042
128 633.895945978
129 633.925510848
130 635.238879131
131 633.913657321
132 633.088853496
133 632.630909691
134 632.967590154
135 632.134456152
136 632.546321641
137 633.175851102
138 632.972259777
139 632.938068513
140 632.594969185
141 631.342398057
142 631.027861599
143 631.732799824
144 632.509498639
145 632.770977876
146 632.869074571
147 632.819080273
148 632.351098827
149 631.219650163
150 630.577463069
151 632.275500196
152 630.50103325
153 630.984055597
154 631.041360967
155 631.609735087
156 631.549561103
157 631.047803891
158 630.780549736
159 630.654759757
160 630.213921392
161 631.314445648
162 632.088720483
163 630.818141916
164 630.835492037
165 629.187560332
166 630.559188296
167 629.718875061
168 629.603440803
169 630.167185659
170 628.661743317
171 628.360271057
172 629.654991372
173 629.921050125
174 629.80431179
175 628.308244591
176 629.5334126
177 628.982429377
178 628.844534522
179 628.993306389
180 628.745282956
181 628.967044935
182 627.706568397
183 628.813239026
184 627.895044973
185 627.79666737
186 629.522226688
187 629.812105121
188 628.164229758
189 628.098432802
190 627.405874435
191 627.467610294
192 628.683893588
193 627.951261343
194 627.238654246
195 627.717443225
196 627.598511525
197 627.740605491
198 627.442000383
199 627.130506469
200 628.590709025
